[N43]
name = N43
rbl = 1346
time_from = 01:00:00.00000
time_to = 05:00:00.000000
type = tram
active = 0

[44]
name = 44
rbl = 1346
time_from = 05:01:00.00000
time_to = 00:30:00.000000
type = tram
active = 1

[U2]
name = U2
rbl = 4203
time_from = 05:01:00.00000
time_to = 00:30:00.000000
type = subway
active = 0